# a_tSZ a_kSZ a_CIB xi a_CIBp beta a_r a_gtt_as a_gtt_ae cal_acts_148 cal_acts_220 cal_acte_148 cal_acte_220
2.696230273280895151e+00 -2.656075356753826444e+00 8.378523272318748605e-01 -8.927569937882490203e-03 3.472143804152523217e-01 -1.104150211777145257e-01 -1.821780608359175324e-01 -4.866388408020069258e-03 -1.606167192573485294e-02 5.192220602823530672e-04 -5.857855951379149426e-03 2.672373176757284179e-04 -4.821114135590295544e-03
-2.656075356753826444e+00 4.664618877719533430e+00 -1.366779609232021020e+00 2.386640262999464510e-02 -3.838650482888100735e-01 1.444854407577591815e-01 1.071597192009354771e-02 4.314460220391187935e-03 1.613571386511953795e-02 1.795678304640689615e-03 4.708536890822376947e-03 2.406005425151362589e-03 3.518576207991387823e-03
8.378523272318748605e-01 -1.366779609232021020e+00 7.846058302031193588e-01 6.245958039057460630e-03 5.669301223283328139e-02 -5.842419083146549452e-02 -3.195100036481357542e-02 -2.277655097871314829e-02 -4.085094423013793663e-02 -8.534304050009427144e-05 5.936583920125134339e-04 -2.502480817648050572e-04 1.147734372885326646e-03
-8.927569937882490203e-03 2.386640262999464857e-02 6.245958039057460630e-03 3.210460441631987107e-03 7.359803196752372038e-03 -1.566347662741587573e-03 -9.140204180904719453e-04 -5.524940300559497261e-05 -2.896922558790942571e-04 7.511691681261691896e-06 5.461844467695356877e-06 4.088737123329703773e-06 9.249718540895800502e-06
3.472143804152523217e-01 -3.838650482888100735e-01 5.669301223283328139e-02 7.359803196752372038e-03 1.803429528816987426e-01 -2.946768966202548135e-02 -6.506549287806386028e-02 5.019774221752020676e-03 8.138544188563658771e-03 8.371421294646295844e-05 -1.255137413966739279e-03 1.792341063336826753e-04 -1.242294423976216672e-03
-1.104150211777145257e-01 1.444854407577591815e-01 -5.842419083146549452e-02 -1.566347662741587573e-03 -2.946768966202548135e-02 9.129897608888474028e-03 1.087743331089657817e-02 7.808349895018228170e-04 1.522473760041960240e-03 -9.482280923493960158e-06 4.527457662648247611e-04 -1.209504451213397767e-05 3.794367855166234037e-04
-1.821780608359175324e-01 1.071597192009354771e-02 -3.195100036481357542e-02 -9.140204180904718369e-04 -6.506549287806386028e-02 1.087743331089657817e-02 1.434642761201732619e-01 6.969101373506478032e-04 6.903616450541160646e-05 -9.980128688919396251e-05 3.232593758435378813e-04 -1.589635135066850386e-04 3.064047374710868860e-04
-4.866388408020070125e-03 4.314460220391188802e-03 -2.277655097871314829e-02 -5.524940300559501327e-05 5.019774221752019809e-03 7.808349895018228170e-04 6.969101373506479116e-04 3.863224392180727995e-02 1.507449345043494109e-03 6.386124692678390145e-05 6.456719495845396947e-04 -4.523021083762647704e-05 -1.307726523737514832e-04
-1.606167192573485988e-02 1.613571386511954142e-02 -4.085094423013793663e-02 -2.896922558790942571e-04 8.138544188563658771e-03 1.522473760041960240e-03 6.903616450541182330e-05 1.507449345043494109e-03 3.677755677921894922e-02 -5.688548342761562139e-05 -1.806206758495923980e-04 5.324620238658999506e-05 5.315524893717959304e-04
5.192220602823529587e-04 1.795678304640689399e-03 -8.534304050009429855e-05 7.511691681261693591e-06 8.371421294646295844e-05 -9.482280923493960158e-06 -9.980128688919396251e-05 6.386124692678390145e-05 -5.688548342761562139e-05 3.260804954967176937e-05 2.178570461857583256e-06 5.595898111046533129e-06 1.148924135491964265e-06
-5.857855951379149426e-03 4.708536890822376947e-03 5.936583920125136507e-04 5.461844467695357724e-06 -1.255137413966739279e-03 4.527457662648247611e-04 3.232593758435378813e-04 6.456719495845396947e-04 -1.806206758495923980e-04 2.178570461857583256e-06 1.989329313689014076e-04 2.198262499419420015e-06 9.167943963936756870e-05
2.672373176757284179e-04 2.406005425151362155e-03 -2.502480817648050572e-04 4.088737123329704620e-06 1.792341063336826753e-04 -1.209504451213397767e-05 -1.589635135066850386e-04 -4.523021083762648382e-05 5.324620238659000184e-05 5.595898111046533129e-06 2.198262499419420015e-06 3.081929281379020035e-05 3.047345295401304000e-06
-4.821114135590295544e-03 3.518576207991387823e-03 1.147734372885327080e-03 9.249718540895798807e-06 -1.242294423976216672e-03 3.794367855166234037e-04 3.064047374710868860e-04 -1.307726523737514832e-04 5.315524893717959304e-04 1.148924135491964265e-06 9.167943963936756870e-05 3.047345295401304000e-06 1.362144646881985994e-04
