# a_tSZ a_kSZ a_CIB xi a_gtt_as a_gtt_ae aps_148 aps_218 rpsa cal_acts_148 cal_acts_220 cal_acte_148 cal_acte_220
2.892407118345331707e+00 -6.362485161999618111e-01 1.692761853565128538e+00 6.174713492193346052e-03 -1.281816083595227820e-02 -1.265199887393333653e-02 -5.244544226939581444e-01 -1.820795004129641903e+00 4.276553147872351468e-02 1.744809989216449149e-03 -5.433415469638986153e-03 1.899226229735980409e-03 -4.909151995111442519e-03
-6.362485161999617000e-01 1.892207432957281776e+00 -5.309554209929340018e+00 7.576476716715145089e-03 6.671284411946427038e-03 5.265717711495961594e-03 -2.333363490570491416e-01 1.994342952296412230e+00 5.454248908676038142e-03 1.111843423712409289e-03 4.232049313331663447e-04 1.634146852915497944e-03 1.441613667293233591e-04
1.692761853565128538e+00 -5.309554209929339130e+00 5.761340852036335036e+01 5.461088505917235936e-02 -2.111378630215440533e-01 -3.860222947939557780e-01 -1.218054257122664241e+00 -1.831445402302720638e+01 -4.907664309347988668e-02 3.786881292047729287e-04 3.599719764666081678e-02 -3.700799460363745556e-04 3.549127180495449674e-02
6.174713492193344318e-03 7.576476716715143354e-03 5.461088505917235936e-02 2.924474408982546004e-03 -2.474738918808106944e-04 -4.162478788822854313e-04 7.510741959737125308e-03 -3.288439375562914047e-02 1.872054256141082143e-04 -7.197912415124514667e-06 1.306213112163190116e-07 -1.094463042179259956e-05 2.043497620666276378e-06
-1.281816083595227820e-02 6.671284411946427038e-03 -2.111378630215440533e-01 -2.474738918808106944e-04 3.790163575873731205e-02 1.576766532510125250e-03 5.460065872617880789e-03 9.423057989807921697e-02 6.737935809555123802e-05 5.397519134975140991e-05 6.830680149179789613e-04 -5.745698347060016452e-05 -9.543520043321765444e-05
-1.265199887393333479e-02 5.265717711495961594e-03 -3.860222947939557780e-01 -4.162478788822854313e-04 1.576766532510125250e-03 3.602425806879204495e-02 1.389812745587244366e-02 1.542147078230128032e-01 1.710974516854415638e-04 -6.338478536696754676e-05 -2.044764923572136325e-04 2.684950522353910445e-05 5.016371130951138759e-04
-5.244544226939581444e-01 -2.333363490570491416e-01 -1.218054257122664241e+00 7.510741959737125308e-03 5.460065872617879922e-03 1.389812745587244540e-02 5.530746188388646623e-01 4.636138938341045623e-01 -1.567515944874603787e-02 -2.025830519541452180e-04 -9.888528076995414980e-04 -3.521143910354543392e-04 -9.767478685315307985e-04
-1.820795004129641903e+00 1.994342952296412230e+00 -1.831445402302720638e+01 -3.288439375562914047e-02 9.423057989807921697e-02 1.542147078230128032e-01 4.636138938341045623e-01 1.332640553382733195e+01 -1.559496489964840894e-03 -5.805004827104396151e-04 1.345573395556395879e-02 1.920404840306141984e-05 9.849470868378141022e-03
4.276553147872351468e-02 5.454248908676038142e-03 -4.907664309347988668e-02 1.872054256141081872e-04 6.737935809555123802e-05 1.710974516854415367e-04 -1.567515944874603787e-02 -1.559496489964840894e-03 1.183241579311597848e-03 2.514618576965740456e-05 -9.218548236689584239e-05 3.545830245975347599e-05 -8.747763529764276968e-05
1.744809989216449149e-03 1.111843423712409289e-03 3.786881292047729829e-04 -7.197912415124515514e-06 5.397519134975140991e-05 -6.338478536696754676e-05 -2.025830519541452180e-04 -5.805004827104396151e-04 2.514618576965740456e-05 3.358395423556222398e-05 2.092573759774688585e-06 7.258376237173734846e-06 2.419031928343229472e-08
-5.433415469638986153e-03 4.232049313331662363e-04 3.599719764666081678e-02 1.306213112163199116e-07 6.830680149179789613e-04 -2.044764923572136325e-04 -9.888528076995414980e-04 1.345573395556395879e-02 -9.218548236689584239e-05 2.092573759774688585e-06 2.082001631589286070e-04 1.807077468943073810e-06 9.740982876234419467e-05
1.899226229735980409e-03 1.634146852915497944e-03 -3.700799460363744472e-04 -1.094463042179260126e-05 -5.745698347060016452e-05 2.684950522353910445e-05 -3.521143910354543392e-04 1.920404840306141984e-05 3.545830245975347599e-05 7.258376237173734846e-06 1.807077468943073810e-06 3.253260372477247836e-05 4.213690631817278791e-06
-4.909151995111442519e-03 1.441613667293233862e-04 3.549127180495449674e-02 2.043497620666277225e-06 -9.543520043321765444e-05 5.016371130951138759e-04 -9.767478685315307985e-04 9.849470868378141022e-03 -8.747763529764276968e-05 2.419031928343229472e-08 9.740982876234419467e-05 4.213690631817278791e-06 1.410184258580976166e-04
