# a_tSZ a_kSZ a_CIB xi a_CIBp beta a_r a_gtt_as a_gtt_ae cal_acts_148 cal_acts_220 cal_acte_148 cal_acte_220
2.693542546222714051e+00 -2.660552852395703383e+00 8.154070678928204696e-01 -9.936883821711263790e-03 3.050469450566584695e-01 -1.057976709262908599e-01 -1.787487395995014383e-01 1.897258458190416788e-03 -5.089856801243411270e-03 7.112262546798136121e-04 -6.389680030058732425e-03 1.629484438257426768e-04 -5.606816267050973926e-03
-2.660552852395703383e+00 4.733553152626676308e+00 -1.338283398066481222e+00 2.411051531164253026e-02 -3.328597718523789162e-01 1.400034185996499592e-01 2.315978220957388978e-02 -5.820618466693116069e-03 7.014531956389462482e-03 2.021217806649614358e-03 5.890532296844548481e-03 2.704298328306908514e-03 4.841864464797887221e-03
8.154070678928204696e-01 -1.338283398066481222e+00 7.793442457212701457e-01 6.644691418669477004e-03 3.624291825515056631e-02 -5.609459262624588716e-02 -3.841434504812259176e-02 -1.654848403835682685e-02 -3.817444231577268865e-02 -7.768241673332000456e-05 6.736113705697823915e-04 -1.957591167070691599e-04 9.158224598414202054e-04
-9.936883821711263790e-03 2.411051531164253026e-02 6.644691418669477004e-03 3.273105694059034315e-03 8.073722362566792751e-03 -1.624550583797821713e-03 -4.106685035788466918e-04 1.202009027363769241e-04 -2.007962152797305519e-05 1.329577797079258160e-05 1.968731824088426391e-05 3.919928833276904631e-06 2.924959715987808585e-05
3.050469450566585250e-01 -3.328597718523789162e-01 3.624291825515056631e-02 8.073722362566792751e-03 1.735247422087843605e-01 -2.753400559948710608e-02 -6.023751668932468550e-02 6.769306936586208003e-03 1.062894202448035931e-02 1.102214673731785166e-04 -1.271433734129102325e-03 1.025261734563327802e-04 -1.277791011975134769e-03
-1.057976709262908599e-01 1.400034185996500147e-01 -5.609459262624588716e-02 -1.624550583797821713e-03 -2.753400559948710608e-02 8.845326966495514406e-03 1.108398873686000652e-02 3.465193051515614973e-05 9.322231609686457837e-04 -8.747860482217205649e-06 4.703396289532915317e-04 1.452365401856948548e-06 4.128587024224994483e-04
-1.787487395995014383e-01 2.315978220957388978e-02 -3.841434504812259176e-02 -4.106685035788465834e-04 -6.023751668932468550e-02 1.108398873686000652e-02 1.393083475857568865e-01 -1.153810389595570987e-03 -1.197382393776895567e-04 -1.383911208507330093e-04 1.888905544254106811e-04 -1.242757184052902517e-04 3.476958362015145770e-04
1.897258458190417222e-03 -5.820618466693117804e-03 -1.654848403835682685e-02 1.202009027363769105e-04 6.769306936586208003e-03 3.465193051515612940e-05 -1.153810389595570553e-03 3.806237576486673491e-02 1.602415566357359711e-03 8.348758775603276334e-05 6.307040346428864847e-04 -6.815205361370073962e-05 -1.474446217380166952e-04
-5.089856801243410403e-03 7.014531956389462482e-03 -3.817444231577268865e-02 -2.007962152797299760e-05 1.062894202448035931e-02 9.322231609686457837e-04 -1.197382393776894076e-04 1.602415566357359711e-03 3.643775570839979938e-02 -6.049800971225477274e-05 -2.341800736985418278e-04 5.673057379702251072e-05 4.962718567257113755e-04
7.112262546798136121e-04 2.021217806649614358e-03 -7.768241673331999100e-05 1.329577797079257991e-05 1.102214673731785166e-04 -8.747860482217205649e-06 -1.383911208507330093e-04 8.348758775603276334e-05 -6.049800971225478629e-05 3.431124259497759837e-05 3.468390629768857632e-06 6.455216395340708747e-06 2.451386185387912411e-06
-6.389680030058732425e-03 5.890532296844548481e-03 6.736113705697824999e-04 1.968731824088427068e-05 -1.271433734129102325e-03 4.703396289532915317e-04 1.888905544254107082e-04 6.307040346428864847e-04 -2.341800736985418549e-04 3.468390629768857632e-06 2.074915902928100436e-04 3.269832075016692062e-06 9.818726850144651351e-05
1.629484438257426497e-04 2.704298328306908514e-03 -1.957591167070691599e-04 3.919928833276906325e-06 1.025261734563327802e-04 1.452365401856948548e-06 -1.242757184052902517e-04 -6.815205361370075317e-05 5.673057379702251072e-05 6.455216395340708747e-06 3.269832075016692062e-06 3.189297358837623822e-05 6.241574527458302544e-06
-5.606816267050973926e-03 4.841864464797887221e-03 9.158224598414202054e-04 2.924959715987808246e-05 -1.277791011975134769e-03 4.128587024224994483e-04 3.476958362015146312e-04 -1.474446217380167223e-04 4.962718567257113755e-04 2.451386185387912411e-06 9.818726850144651351e-05 6.241574527458302544e-06 1.395828424628918398e-04
